10000
01000
00100
00010
00001
11100
11010
11001
10110
10101
10011
02200
02020
02002
01110
01101
01011
00220
00202
00111
00022
00000
13200
13020
13002
12300
12210
12201
12120
12102
12030
12021
12012
12003
11220
11202
11111
11022
10320
10302
10230
10221
10212
10203
10122
10032
10023
03300
03210
03201
03120
03102
03030
03021
03012
03003
02310
02301
02211
02130
02121
02112
02103
02031
02013
01320
01302
01230
01221
01212
01203
01122
01032
01023
00330
00321
00312
00303
00231
00213
00132
00123
00033
13310
13301
13211
13130
13121
13112
13103
13031
13013
12311
12131
12113
11330
11321
11312
11303
11231
11213
11132
11123
11033
10331
10313
10133
03311
03131
03113
02222
01331
01313
01133
00440
00404
00044
13222
12322
12232
12223
11440
11404
11044
10540
10504
10450
10441
10414
10405
10144
10054
10045
03322
03232
03223
02332
02323
02233
01540
01504
01450
01441
01414
01405
01144
01054
01045
00550
00541
00514
00505
00451
00415
00154
00145
00055
13332
13323
13233
12333
11550
11541
11514
11505
11451
11415
11154
11145
11055
10551
10515
10155
03333
02460
02442
02424
02406
02244
02064
02046
01551
01515
01155
00462
00426
00264
00246
00066
13460
13442
13424
13406
13244
13064
13046
12560
12542
12524
12506
12470
12461
12452
12443
12434
12425
12416
12407
12344
12254
12245
12164
12146
12074
12065
12056
12047
11462
11426
11264
11246
11066
10562
10526
10472
10463
10436
10427
10364
10346
10274
10265
10256
10247
10166
10076
10067
03560
03542
03524
03506
03470
03461
03452
03443
03434
03425
03416
03407
03344
03254
03245
03164
03146
03074
03065
03056
03047
02570
02561
02552
02543
02534
02525
02516
02507
02471
02453
02435
02417
02354
02345
02255
02174
02165
02156
02147
02075
02057
01562
01526
01472
01463
01436
01427
01364
01346
01274
01265
01256
01247
01166
01076
01067
00572
00563
00536
00527
00473
00437
00374
00365
00356
00347
00275
00257
00176
00167
00077
13570
13561
13552
13543
13534
13525
13516
13507
13471
13453
13435
13417
13354
13345
13255
13174
13165
13156
13147
13075
13057
12571
12553
12535
12517
12355
12175
12157
11572
11563
11536
11527
11473
11437
11374
11365
11356
11347
11275
11257
11176
11167
11077
10573
10537
10375
10357
10177
03571
03553
03535
03517
03355
03175
03157
02266
01573
01537
01375
01357
01177
13266
12366
12276
12267
03366
03276
03267
02376
02367
02277
13376
13367
13277
12377
03377
