13579 13570
13578 13570
13577 13277
13576 13376
13575 13075
13574 13174
13573 10573
13572 11572
13571 03571
13569 13561
13568 13561
13567 13367
13566 13266
13565 13165
13564 13064
13563 11563
13562 10562
13560 03560
13559 13552
13558 13552
13557 13057
13556 13156
13555 13255
13554 13354
13553 03553
13551 10551
13550 11550
13549 13543
13548 13543
13547 13147
13546 13046
13545 13345
13544 13244
13542 03542
13541 11541
13540 10540
13539 13534
13538 13534
13537 10537
13536 11536
13535 03535
13533 13233
13532 13332
13531 13031
13530 13130
13529 13525
13528 13525
13527 11527
13526 10526
13524 03524
13523 13323
13522 13222
13521 13121
13520 13020
13519 13516
13518 13516
13517 03517
13515 10515
13514 11514
13513 13013
13512 13112
13511 13211
13510 13310
13509 13507
13508 13507
13506 03506
13505 11505
13504 10504
13503 13103
13502 13002
13501 13301
13500 13200
13479 13471
13478 13471
13477 13277
13476 13376
13475 13075
13474 13174
13473 11473
13472 10472
13470 03470
13469 13460
13468 13460
13467 13367
13466 13266
13465 13165
13464 13064
13463 10463
13462 11462
13461 03461
13459 13453
13458 13453
13457 13057
13456 13156
13455 13255
13454 13354
13452 03452
13451 11451
13450 10450
13449 13442
13448 13442
13447 13147
13446 13046
13445 13345
13444 13244
13443 03443
13441 10441
13440 11440
13439 13435
13438 13435
13437 11437
13436 10436
13434 03434
13433 13233
13432 13332
13431 13031
13430 13130
13429 13424
13428 13424
13427 10427
13426 11426
13425 03425
13423 13323
13422 13222
13421 13121
13420 13020
13419 13417
13418 13417
13416 03416
13415 11415
13414 10414
13413 13013
13412 13112
13411 13211
13410 13310
13409 13406
13408 13406
13407 03407
13405 10405
13404 11404
13403 13103
13402 13002
13401 13301
13400 13200
13379 13376
13378 13376
13377 03377
13375 10375
13374 11374
13373 13323
13372 13332
13371 13301
13370 13310
13369 13367
13368 13367
13366 03366
13365 11365
13364 10364
13363 13323
13362 13332
13361 13301
13360 13310
13359 13354
13358 13354
13357 10357
13356 11356
13355 03355
13353 13323
13352 13332
13351 13301
13350 13310
13349 13345
13348 13345
13347 11347
13346 10346
13344 03344
13343 13323
13342 13332
13341 13301
13340 13310
13339 13332
13338 13332
13337 13332
13336 13332
13335 13332
13334 13332
13333 03333
13331 10331
13330 11330
13329 13323
13328 13323
13327 13323
13326 13323
13325 13323
13324 13323
13322 03322
13321 11321
13320 10320
13319 13310
13318 13310
13317 13310
13316 13310
13315 13310
13314 13310
13313 10313
13312 11312
13311 03311
13309 13301
13308 13301
13307 13301
13306 13301
13305 13301
13304 13301
13303 11303
13302 10302
13300 03300
13279 13277
13278 13277
13276 03276
13275 11275
13274 10274
13273 13233
13272 13222
13271 13211
13270 13200
13269 13266
13268 13266
13267 03267
13265 10265
13264 11264
13263 13233
13262 13222
13261 13211
13260 13200
13259 13255
13258 13255
13257 11257
13256 10256
13254 03254
13253 13233
13252 13222
13251 13211
13250 13200
13249 13244
13248 13244
13247 10247
13246 11246
13245 03245
13243 13233
13242 13222
13241 13211
13240 13200
13239 13233
13238 13233
13237 13233
13236 13233
13235 13233
13234 13233
13232 03232
13231 11231
13230 10230
13229 13222
13228 13222
13227 13222
13226 13222
13225 13222
13224 13222
13223 03223
13221 10221
13220 11220
13219 13211
13218 13211
13217 13211
13216 13211
13215 13211
13214 13211
13213 11213
13212 10212
13210 03210
13209 13200
13208 13200
13207 13200
13206 13200
13205 13200
13204 13200
13203 10203
13202 11202
13201 03201
13179 13174
13178 13174
13177 10177
13176 11176
13175 03175
13173 13103
13172 13112
13171 13121
13170 13130
13169 13165
13168 13165
13167 11167
13166 10166
13164 03164
13163 13103
13162 13112
13161 13121
13160 13130
13159 13156
13158 13156
13157 03157
13155 10155
13154 11154
13153 13103
13152 13112
13151 13121
13150 13130
13149 13147
13148 13147
13146 03146
13145 11145
13144 10144
13143 13103
13142 13112
13141 13121
13140 13130
13139 13130
13138 13130
13137 13130
13136 13130
13135 13130
13134 13130
13133 10133
13132 11132
13131 03131
13129 13121
13128 13121
13127 13121
13126 13121
13125 13121
13124 13121
13123 11123
13122 10122
13120 03120
13119 13112
13118 13112
13117 13112
13116 13112
13115 13112
13114 13112
13113 03113
13111 11111
13110 10110
13109 13103
13108 13103
13107 13103
13106 13103
13105 13103
13104 13103
13102 03102
13101 10101
13100 11100
13079 13075
13078 13075
13077 11077
13076 10076
13074 03074
13073 13013
13072 13002
13071 13031
13070 13020
13069 13064
13068 13064
13067 10067
13066 11066
13065 03065
13063 13013
13062 13002
13061 13031
13060 13020
13059 13057
13058 13057
13056 03056
13055 11055
13054 10054
13053 13013
13052 13002
13051 13031
13050 13020
13049 13046
13048 13046
13047 03047
13045 10045
13044 11044
13043 13013
13042 13002
13041 13031
13040 13020
13039 13031
13038 13031
13037 13031
13036 13031
13035 13031
13034 13031
13033 11033
13032 10032
13030 03030
13029 13020
13028 13020
13027 13020
13026 13020
13025 13020
13024 13020
13023 10023
13022 11022
13021 03021
13019 13013
13018 13013
13017 13013
13016 13013
13015 13013
13014 13013
13012 03012
13011 10011
13010 11010
13009 13002
13008 13002
13007 13002
13006 13002
13005 13002
13004 13002
13003 03003
13001 11001
13000 10000
12579 12571
12578 12571
12577 12377
12576 12276
12575 12175
12574 12074
12573 10573
12572 11572
12570 02570
12569 12560
12568 12560
12567 12267
12566 12366
12565 12065
12564 12164
12563 11563
12562 10562
12561 02561
12559 12553
12558 12553
12557 12157
12556 12056
12555 12355
12554 12254
12552 02552
12551 10551
12550 11550
12549 12542
12548 12542
12547 12047
12546 12146
12545 12245
12544 12344
12543 02543
12541 11541
12540 10540
12539 12535
12538 12535
12537 10537
12536 11536
12534 02534
12533 12333
12532 12232
12531 12131
12530 12030
12529 12524
12528 12524
12527 11527
12526 10526
12525 02525
12523 12223
12522 12322
12521 12021
12520 12120
12519 12517
12518 12517
12516 02516
12515 10515
12514 11514
12513 12113
12512 12012
12511 12311
12510 12210
12509 12506
12508 12506
12507 02507
12505 11505
12504 10504
12503 12003
12502 12102
12501 12201
12500 12300
12479 12470
12478 12470
12477 12377
12476 12276
12475 12175
12474 12074
12473 11473
12472 10472
12471 02471
12469 12461
12468 12461
12467 12267
12466 12366
12465 12065
12464 12164
12463 10463
12462 11462
12460 02460
12459 12452
12458 12452
12457 12157
12456 12056
12455 12355
12454 12254
12453 02453
12451 11451
12450 10450
12449 12443
12448 12443
12447 12047
12446 12146
12445 12245
12444 12344
12442 02442
12441 10441
12440 11440
12439 12434
12438 12434
12437 11437
12436 10436
12435 02435
12433 12333
12432 12232
12431 12131
12430 12030
12429 12425
12428 12425
12427 10427
12426 11426
12424 02424
12423 12223
12422 12322
12421 12021
12420 12120
12419 12416
12418 12416
12417 02417
12415 11415
12414 10414
12413 12113
12412 12012
12411 12311
12410 12210
12409 12407
12408 12407
12406 02406
12405 10405
12404 11404
12403 12003
12402 12102
12401 12201
12400 12300
12379 12377
12378 12377
12376 02376
12375 10375
12374 11374
12373 12333
12372 12322
12371 12311
12370 12300
12369 12366
12368 12366
12367 02367
12365 11365
12364 10364
12363 12333
12362 12322
12361 12311
12360 12300
12359 12355
12358 12355
12357 10357
12356 11356
12354 02354
12353 12333
12352 12322
12351 12311
12350 12300
12349 12344
12348 12344
12347 11347
12346 10346
12345 02345
12343 12333
12342 12322
12341 12311
12340 12300
12339 12333
12338 12333
12337 12333
12336 12333
12335 12333
12334 12333
12332 02332
12331 10331
12330 11330
12329 12322
12328 12322
12327 12322
12326 12322
12325 12322
12324 12322
12323 02323
12321 11321
12320 10320
12319 12311
12318 12311
12317 12311
12316 12311
12315 12311
12314 12311
12313 10313
12312 11312
12310 02310
12309 12300
12308 12300
12307 12300
12306 12300
12305 12300
12304 12300
12303 11303
12302 10302
12301 02301
12279 12276
12278 12276
12277 02277
12275 11275
12274 10274
12273 12223
12272 12232
12271 12201
12270 12210
12269 12267
12268 12267
12266 02266
12265 10265
12264 11264
12263 12223
12262 12232
12261 12201
12260 12210
12259 12254
12258 12254
12257 11257
12256 10256
12255 02255
12253 12223
12252 12232
12251 12201
12250 12210
12249 12245
12248 12245
12247 10247
12246 11246
12244 02244
12243 12223
12242 12232
12241 12201
12240 12210
12239 12232
12238 12232
12237 12232
12236 12232
12235 12232
12234 12232
12233 02233
12231 11231
12230 10230
12229 12223
12228 12223
12227 12223
12226 12223
12225 12223
12224 12223
12222 02222
12221 10221
12220 11220
12219 12210
12218 12210
12217 12210
12216 12210
12215 12210
12214 12210
12213 11213
12212 10212
12211 02211
12209 12201
12208 12201
12207 12201
12206 12201
12205 12201
12204 12201
12203 10203
12202 11202
12200 02200
12179 12175
12178 12175
12177 10177
12176 11176
12174 02174
12173 12113
12172 12102
12171 12131
12170 12120
12169 12164
12168 12164
12167 11167
12166 10166
12165 02165
12163 12113
12162 12102
12161 12131
12160 12120
12159 12157
12158 12157
12156 02156
12155 10155
12154 11154
12153 12113
12152 12102
12151 12131
12150 12120
12149 12146
12148 12146
12147 02147
12145 11145
12144 10144
12143 12113
12142 12102
12141 12131
12140 12120
12139 12131
12138 12131
12137 12131
12136 12131
12135 12131
12134 12131
12133 10133
12132 11132
12130 02130
12129 12120
12128 12120
12127 12120
12126 12120
12125 12120
12124 12120
12123 11123
12122 10122
12121 02121
12119 12113
12118 12113
12117 12113
12116 12113
12115 12113
12114 12113
12112 02112
12111 11111
12110 10110
12109 12102
12108 12102
12107 12102
12106 12102
12105 12102
12104 12102
12103 02103
12101 10101
12100 11100
12079 12074
12078 12074
12077 11077
12076 10076
12075 02075
12073 12003
12072 12012
12071 12021
12070 12030
12069 12065
12068 12065
12067 10067
12066 11066
12064 02064
12063 12003
12062 12012
12061 12021
12060 12030
12059 12056
12058 12056
12057 02057
12055 11055
12054 10054
12053 12003
12052 12012
12051 12021
12050 12030
12049 12047
12048 12047
12046 02046
12045 10045
12044 11044
12043 12003
12042 12012
12041 12021
12040 12030
12039 12030
12038 12030
12037 12030
12036 12030
12035 12030
12034 12030
12033 11033
12032 10032
12031 02031
12029 12021
12028 12021
12027 12021
12026 12021
12025 12021
12024 12021
12023 10023
12022 11022
12020 02020
12019 12012
12018 12012
12017 12012
12016 12012
12015 12012
12014 12012
12013 02013
12011 10011
12010 11010
12009 12003
12008 12003
12007 12003
12006 12003
12005 12003
12004 12003
12002 02002
12001 11001
12000 10000
11579 11572
11578 11572
11577 11077
11576 11176
11575 11275
11574 11374
11573 01573
11571 11541
11570 11550
11569 11563
11568 11563
11567 11167
11566 11066
11565 11365
11564 11264
11562 01562
11561 11541
11560 11550
11559 11550
11558 11550
11557 11257
11556 11356
11555 11055
11554 11154
11553 11550
11552 11550
11551 01551
11549 11541
11548 11541
11547 11347
11546 11246
11545 11145
11544 11044
11543 11541
11542 11541
11540 01540
11539 11536
11538 11536
11537 01537
11535 11505
11534 11514
11533 11033
11532 11132
11531 11231
11530 11330
11529 11527
11528 11527
11526 01526
11525 11505
11524 11514
11523 11123
11522 11022
11521 11321
11520 11220
11519 11514
11518 11514
11517 11514
11516 11514
11515 01515
11513 11213
11512 11312
11511 11111
11510 11010
11509 11505
11508 11505
11507 11505
11506 11505
11504 01504
11503 11303
11502 11202
11501 11001
11500 11100
11479 11473
11478 11473
11477 11077
11476 11176
11475 11275
11474 11374
11472 01472
11471 11451
11470 11440
11469 11462
11468 11462
11467 11167
11466 11066
11465 11365
11464 11264
11463 01463
11461 11451
11460 11440
11459 11451
11458 11451
11457 11257
11456 11356
11455 11055
11454 11154
11453 11451
11452 11451
11450 01450
11449 11440
11448 11440
11447 11347
11446 11246
11445 11145
11444 11044
11443 11440
11442 11440
11441 01441
11439 11437
11438 11437
11436 01436
11435 11415
11434 11404
11433 11033
11432 11132
11431 11231
11430 11330
11429 11426
11428 11426
11427 01427
11425 11415
11424 11404
11423 11123
11422 11022
11421 11321
11420 11220
11419 11415
11418 11415
11417 11415
11416 11415
11414 01414
11413 11213
11412 11312
11411 11111
11410 11010
11409 11404
11408 11404
11407 11404
11406 11404
11405 01405
11403 11303
11402 11202
11401 11001
11400 11100
11379 11374
11378 11374
11377 11077
11376 11176
11375 01375
11373 11303
11372 11312
11371 11321
11370 11330
11369 11365
11368 11365
11367 11167
11366 11066
11364 01364
11363 11303
11362 11312
11361 11321
11360 11330
11359 11356
11358 11356
11357 01357
11355 11055
11354 11154
11353 11303
11352 11312
11351 11321
11350 11330
11349 11347
11348 11347
11346 01346
11345 11145
11344 11044
11343 11303
11342 11312
11341 11321
11340 11330
11339 11330
11338 11330
11337 11330
11336 11330
11335 11330
11334 11330
11333 11033
11332 11132
11331 01331
11329 11321
11328 11321
11327 11321
11326 11321
11325 11321
11324 11321
11323 11123
11322 11022
11320 01320
11319 11312
11318 11312
11317 11312
11316 11312
11315 11312
11314 11312
11313 01313
11311 11111
11310 11010
11309 11303
11308 11303
11307 11303
11306 11303
11305 11303
11304 11303
11302 01302
11301 11001
11300 11100
11279 11275
11278 11275
11277 11077
11276 11176
11274 01274
11273 11213
11272 11202
11271 11231
11270 11220
11269 11264
11268 11264
11267 11167
11266 11066
11265 01265
11263 11213
11262 11202
11261 11231
11260 11220
11259 11257
11258 11257
11256 01256
11255 11055
11254 11154
11253 11213
11252 11202
11251 11231
11250 11220
11249 11246
11248 11246
11247 01247
11245 11145
11244 11044
11243 11213
11242 11202
11241 11231
11240 11220
11239 11231
11238 11231
11237 11231
11236 11231
11235 11231
11234 11231
11233 11033
11232 11132
11230 01230
11229 11220
11228 11220
11227 11220
11226 11220
11225 11220
11224 11220
11223 11123
11222 11022
11221 01221
11219 11213
11218 11213
11217 11213
11216 11213
11215 11213
11214 11213
11212 01212
11211 11111
11210 11010
11209 11202
11208 11202
11207 11202
11206 11202
11205 11202
11204 11202
11203 01203
11201 11001
11200 11100
11179 11176
11178 11176
11177 01177
11175 11145
11174 11154
11173 11123
11172 11132
11171 11111
11170 11100
11169 11167
11168 11167
11166 01166
11165 11145
11164 11154
11163 11123
11162 11132
11161 11111
11160 11100
11159 11154
11158 11154
11157 11154
11156 11154
11155 01155
11153 11123
11152 11132
11151 11111
11150 11100
11149 11145
11148 11145
11147 11145
11146 11145
11144 01144
11143 11123
11142 11132
11141 11111
11140 11100
11139 11132
11138 11132
11137 11132
11136 11132
11135 11132
11134 11132
11133 01133
11131 11111
11130 11100
11129 11123
11128 11123
11127 11123
11126 11123
11125 11123
11124 11123
11122 01122
11121 11111
11120 11100
11119 11111
11118 11111
11117 11111
11116 11111
11115 11111
11114 11111
11113 11111
11112 11111
11110 01110
11109 11100
11108 11100
11107 11100
11106 11100
11105 11100
11104 11100
11103 11100
11102 11100
11101 01101
11079 11077
11078 11077
11076 01076
11075 11055
11074 11044
11073 11033
11072 11022
11071 11001
11070 11010
11069 11066
11068 11066
11067 01067
11065 11055
11064 11044
11063 11033
11062 11022
11061 11001
11060 11010
11059 11055
11058 11055
11057 11055
11056 11055
11054 01054
11053 11033
11052 11022
11051 11001
11050 11010
11049 11044
11048 11044
11047 11044
11046 11044
11045 01045
11043 11033
11042 11022
11041 11001
11040 11010
11039 11033
11038 11033
11037 11033
11036 11033
11035 11033
11034 11033
11032 01032
11031 11001
11030 11010
11029 11022
11028 11022
11027 11022
11026 11022
11025 11022
11024 11022
11023 01023
11021 11001
11020 11010
11019 11010
11018 11010
11017 11010
11016 11010
11015 11010
11014 11010
11013 11010
11012 11010
11011 01011
11009 11001
11008 11001
11007 11001
11006 11001
11005 11001
11004 11001
11003 11001
11002 11001
11000 01000
10579 10573
10578 10573
10577 10177
10576 10076
10575 10375
10574 10274
10572 00572
10571 10551
10570 10540
10569 10562
10568 10562
10567 10067
10566 10166
10565 10265
10564 10364
10563 00563
10561 10551
10560 10540
10559 10551
10558 10551
10557 10357
10556 10256
10555 10155
10554 10054
10553 10551
10552 10551
10550 00550
10549 10540
10548 10540
10547 10247
10546 10346
10545 10045
10544 10144
10543 10540
10542 10540
10541 00541
10539 10537
10538 10537
10536 00536
10535 10515
10534 10504
10533 10133
10532 10032
10531 10331
10530 10230
10529 10526
10528 10526
10527 00527
10525 10515
10524 10504
10523 10023
10522 10122
10521 10221
10520 10320
10519 10515
10518 10515
10517 10515
10516 10515
10514 00514
10513 10313
10512 10212
10511 10011
10510 10110
10509 10504
10508 10504
10507 10504
10506 10504
10505 00505
10503 10203
10502 10302
10501 10101
10500 10000
10479 10472
10478 10472
10477 10177
10476 10076
10475 10375
10474 10274
10473 00473
10471 10441
10470 10450
10469 10463
10468 10463
10467 10067
10466 10166
10465 10265
10464 10364
10462 00462
10461 10441
10460 10450
10459 10450
10458 10450
10457 10357
10456 10256
10455 10155
10454 10054
10453 10450
10452 10450
10451 00451
10449 10441
10448 10441
10447 10247
10446 10346
10445 10045
10444 10144
10443 10441
10442 10441
10440 00440
10439 10436
10438 10436
10437 00437
10435 10405
10434 10414
10433 10133
10432 10032
10431 10331
10430 10230
10429 10427
10428 10427
10426 00426
10425 10405
10424 10414
10423 10023
10422 10122
10421 10221
10420 10320
10419 10414
10418 10414
10417 10414
10416 10414
10415 00415
10413 10313
10412 10212
10411 10011
10410 10110
10409 10405
10408 10405
10407 10405
10406 10405
10404 00404
10403 10203
10402 10302
10401 10101
10400 10000
10379 10375
10378 10375
10377 10177
10376 10076
10374 00374
10373 10313
10372 10302
10371 10331
10370 10320
10369 10364
10368 10364
10367 10067
10366 10166
10365 00365
10363 10313
10362 10302
10361 10331
10360 10320
10359 10357
10358 10357
10356 00356
10355 10155
10354 10054
10353 10313
10352 10302
10351 10331
10350 10320
10349 10346
10348 10346
10347 00347
10345 10045
10344 10144
10343 10313
10342 10302
10341 10331
10340 10320
10339 10331
10338 10331
10337 10331
10336 10331
10335 10331
10334 10331
10333 10133
10332 10032
10330 00330
10329 10320
10328 10320
10327 10320
10326 10320
10325 10320
10324 10320
10323 10023
10322 10122
10321 00321
10319 10313
10318 10313
10317 10313
10316 10313
10315 10313
10314 10313
10312 00312
10311 10011
10310 10110
10309 10302
10308 10302
10307 10302
10306 10302
10305 10302
10304 10302
10303 00303
10301 10101
10300 10000
10279 10274
10278 10274
10277 10177
10276 10076
10275 00275
10273 10203
10272 10212
10271 10221
10270 10230
10269 10265
10268 10265
10267 10067
10266 10166
10264 00264
10263 10203
10262 10212
10261 10221
10260 10230
10259 10256
10258 10256
10257 00257
10255 10155
10254 10054
10253 10203
10252 10212
10251 10221
10250 10230
10249 10247
10248 10247
10246 00246
10245 10045
10244 10144
10243 10203
10242 10212
10241 10221
10240 10230
10239 10230
10238 10230
10237 10230
10236 10230
10235 10230
10234 10230
10233 10133
10232 10032
10231 00231
10229 10221
10228 10221
10227 10221
10226 10221
10225 10221
10224 10221
10223 10023
10222 10122
10220 00220
10219 10212
10218 10212
10217 10212
10216 10212
10215 10212
10214 10212
10213 00213
10211 10011
10210 10110
10209 10203
10208 10203
10207 10203
10206 10203
10205 10203
10204 10203
10202 00202
10201 10101
10200 10000
10179 10177
10178 10177
10176 00176
10175 10155
10174 10144
10173 10133
10172 10122
10171 10101
10170 10110
10169 10166
10168 10166
10167 00167
10165 10155
10164 10144
10163 10133
10162 10122
10161 10101
10160 10110
10159 10155
10158 10155
10157 10155
10156 10155
10154 00154
10153 10133
10152 10122
10151 10101
10150 10110
10149 10144
10148 10144
10147 10144
10146 10144
10145 00145
10143 10133
10142 10122
10141 10101
10140 10110
10139 10133
10138 10133
10137 10133
10136 10133
10135 10133
10134 10133
10132 00132
10131 10101
10130 10110
10129 10122
10128 10122
10127 10122
10126 10122
10125 10122
10124 10122
10123 00123
10121 10101
10120 10110
10119 10110
10118 10110
10117 10110
10116 10110
10115 10110
10114 10110
10113 10110
10112 10110
10111 00111
10109 10101
10108 10101
10107 10101
10106 10101
10105 10101
10104 10101
10103 10101
10102 10101
10100 00100
10079 10076
10078 10076
10077 00077
10075 10045
10074 10054
10073 10023
10072 10032
10071 10011
10070 10000
10069 10067
10068 10067
10066 00066
10065 10045
10064 10054
10063 10023
10062 10032
10061 10011
10060 10000
10059 10054
10058 10054
10057 10054
10056 10054
10055 00055
10053 10023
10052 10032
10051 10011
10050 10000
10049 10045
10048 10045
10047 10045
10046 10045
10044 00044
10043 10023
10042 10032
10041 10011
10040 10000
10039 10032
10038 10032
10037 10032
10036 10032
10035 10032
10034 10032
10033 00033
10031 10011
10030 10000
10029 10023
10028 10023
10027 10023
10026 10023
10025 10023
10024 10023
10022 00022
10021 10011
10020 10000
10019 10011
10018 10011
10017 10011
10016 10011
10015 10011
10014 10011
10013 10011
10012 10011
10010 00010
10009 10000
10008 10000
10007 10000
10006 10000
10005 10000
10004 10000
10003 10000
10002 10000
10001 00001
10000 00000
03579 03571
03578 03571
03577 03377
03576 03276
03575 03175
03574 03074
03573 01573
03572 00572
03570 02570
03569 03560
03568 03560
03567 03267
03566 03366
03565 03065
03564 03164
03563 00563
03562 01562
03561 02561
03559 03553
03558 03553
03557 03157
03556 03056
03555 03355
03554 03254
03552 02552
03551 01551
03550 00550
03549 03542
03548 03542
03547 03047
03546 03146
03545 03245
03544 03344
03543 02543
03541 00541
03540 01540
03539 03535
03538 03535
03537 01537
03536 00536
03534 02534
03533 03333
03532 03232
03531 03131
03530 03030
03529 03524
03528 03524
03527 00527
03526 01526
03525 02525
03523 03223
03522 03322
03521 03021
03520 03120
03519 03517
03518 03517
03516 02516
03515 01515
03514 00514
03513 03113
03512 03012
03511 03311
03510 03210
03509 03506
03508 03506
03507 02507
03505 00505
03504 01504
03503 03003
03502 03102
03501 03201
03500 03300
03479 03470
03478 03470
03477 03377
03476 03276
03475 03175
03474 03074
03473 00473
03472 01472
03471 02471
03469 03461
03468 03461
03467 03267
03466 03366
03465 03065
03464 03164
03463 01463
03462 00462
03460 02460
03459 03452
03458 03452
03457 03157
03456 03056
03455 03355
03454 03254
03453 02453
03451 00451
03450 01450
03449 03443
03448 03443
03447 03047
03446 03146
03445 03245
03444 03344
03442 02442
03441 01441
03440 00440
03439 03434
03438 03434
03437 00437
03436 01436
03435 02435
03433 03333
03432 03232
03431 03131
03430 03030
03429 03425
03428 03425
03427 01427
03426 00426
03424 02424
03423 03223
03422 03322
03421 03021
03420 03120
03419 03416
03418 03416
03417 02417
03415 00415
03414 01414
03413 03113
03412 03012
03411 03311
03410 03210
03409 03407
03408 03407
03406 02406
03405 01405
03404 00404
03403 03003
03402 03102
03401 03201
03400 03300
03379 03377
03378 03377
03376 02376
03375 01375
03374 00374
03373 03333
03372 03322
03371 03311
03370 03300
03369 03366
03368 03366
03367 02367
03365 00365
03364 01364
03363 03333
03362 03322
03361 03311
03360 03300
03359 03355
03358 03355
03357 01357
03356 00356
03354 02354
03353 03333
03352 03322
03351 03311
03350 03300
03349 03344
03348 03344
03347 00347
03346 01346
03345 02345
03343 03333
03342 03322
03341 03311
03340 03300
03339 03333
03338 03333
03337 03333
03336 03333
03335 03333
03334 03333
03332 02332
03331 01331
03330 00330
03329 03322
03328 03322
03327 03322
03326 03322
03325 03322
03324 03322
03323 02323
03321 00321
03320 01320
03319 03311
03318 03311
03317 03311
03316 03311
03315 03311
03314 03311
03313 01313
03312 00312
03310 02310
03309 03300
03308 03300
03307 03300
03306 03300
03305 03300
03304 03300
03303 00303
03302 01302
03301 02301
03279 03276
03278 03276
03277 02277
03275 00275
03274 01274
03273 03223
03272 03232
03271 03201
03270 03210
03269 03267
03268 03267
03266 02266
03265 01265
03264 00264
03263 03223
03262 03232
03261 03201
03260 03210
03259 03254
03258 03254
03257 00257
03256 01256
03255 02255
03253 03223
03252 03232
03251 03201
03250 03210
03249 03245
03248 03245
03247 01247
03246 00246
03244 02244
03243 03223
03242 03232
03241 03201
03240 03210
03239 03232
03238 03232
03237 03232
03236 03232
03235 03232
03234 03232
03233 02233
03231 00231
03230 01230
03229 03223
03228 03223
03227 03223
03226 03223
03225 03223
03224 03223
03222 02222
03221 01221
03220 00220
03219 03210
03218 03210
03217 03210
03216 03210
03215 03210
03214 03210
03213 00213
03212 01212
03211 02211
03209 03201
03208 03201
03207 03201
03206 03201
03205 03201
03204 03201
03203 01203
03202 00202
03200 02200
03179 03175
03178 03175
03177 01177
03176 00176
03174 02174
03173 03113
03172 03102
03171 03131
03170 03120
03169 03164
03168 03164
03167 00167
03166 01166
03165 02165
03163 03113
03162 03102
03161 03131
03160 03120
03159 03157
03158 03157
03156 02156
03155 01155
03154 00154
03153 03113
03152 03102
03151 03131
03150 03120
03149 03146
03148 03146
03147 02147
03145 00145
03144 01144
03143 03113
03142 03102
03141 03131
03140 03120
03139 03131
03138 03131
03137 03131
03136 03131
03135 03131
03134 03131
03133 01133
03132 00132
03130 02130
03129 03120
03128 03120
03127 03120
03126 03120
03125 03120
03124 03120
03123 00123
03122 01122
03121 02121
03119 03113
03118 03113
03117 03113
03116 03113
03115 03113
03114 03113
03112 02112
03111 00111
03110 01110
03109 03102
03108 03102
03107 03102
03106 03102
03105 03102
03104 03102
03103 02103
03101 01101
03100 00100
03079 03074
03078 03074
03077 00077
03076 01076
03075 02075
03073 03003
03072 03012
03071 03021
03070 03030
03069 03065
03068 03065
03067 01067
03066 00066
03064 02064
03063 03003
03062 03012
03061 03021
03060 03030
03059 03056
03058 03056
03057 02057
03055 00055
03054 01054
03053 03003
03052 03012
03051 03021
03050 03030
03049 03047
03048 03047
03046 02046
03045 01045
03044 00044
03043 03003
03042 03012
03041 03021
03040 03030
03039 03030
03038 03030
03037 03030
03036 03030
03035 03030
03034 03030
03033 00033
03032 01032
03031 02031
03029 03021
03028 03021
03027 03021
03026 03021
03025 03021
03024 03021
03023 01023
03022 00022
03020 02020
03019 03012
03018 03012
03017 03012
03016 03012
03015 03012
03014 03012
03013 02013
03011 01011
03010 00010
03009 03003
03008 03003
03007 03003
03006 03003
03005 03003
03004 03003
03002 02002
03001 00001
03000 01000
02579 02570
02578 02570
02577 02277
02576 02376
02575 02075
02574 02174
02573 01573
02572 00572
02571 02471
02569 02561
02568 02561
02567 02367
02566 02266
02565 02165
02564 02064
02563 00563
02562 01562
02560 02460
02559 02552
02558 02552
02557 02057
02556 02156
02555 02255
02554 02354
02553 02453
02551 01551
02550 00550
02549 02543
02548 02543
02547 02147
02546 02046
02545 02345
02544 02244
02542 02442
02541 00541
02540 01540
02539 02534
02538 02534
02537 01537
02536 00536
02535 02435
02533 02233
02532 02332
02531 02031
02530 02130
02529 02525
02528 02525
02527 00527
02526 01526
02524 02424
02523 02323
02522 02222
02521 02121
02520 02020
02519 02516
02518 02516
02517 02417
02515 01515
02514 00514
02513 02013
02512 02112
02511 02211
02510 02310
02509 02507
02508 02507
02506 02406
02505 00505
02504 01504
02503 02103
02502 02002
02501 02301
02500 02200
02479 02471
02478 02471
02477 02277
02476 02376
02475 02075
02474 02174
02473 00473
02472 01472
02470 02460
02469 02460
02468 02460
02467 02367
02466 02266
02465 02165
02464 02064
02463 01463
02462 00462
02461 02460
02459 02453
02458 02453
02457 02057
02456 02156
02455 02255
02454 02354
02452 02442
02451 00451
02450 01450
02449 02442
02448 02442
02447 02147
02446 02046
02445 02345
02444 02244
02443 02442
02441 01441
02440 00440
02439 02435
02438 02435
02437 00437
02436 01436
02434 02424
02433 02233
02432 02332
02431 02031
02430 02130
02429 02424
02428 02424
02427 01427
02426 00426
02425 02424
02423 02323
02422 02222
02421 02121
02420 02020
02419 02417
02418 02417
02416 02406
02415 00415
02414 01414
02413 02013
02412 02112
02411 02211
02410 02310
02409 02406
02408 02406
02407 02406
02405 01405
02404 00404
02403 02103
02402 02002
02401 02301
02400 02200
02379 02376
02378 02376
02377 02277
02375 01375
02374 00374
02373 02323
02372 02332
02371 02301
02370 02310
02369 02367
02368 02367
02366 02266
02365 00365
02364 01364
02363 02323
02362 02332
02361 02301
02360 02310
02359 02354
02358 02354
02357 01357
02356 00356
02355 02255
02353 02323
02352 02332
02351 02301
02350 02310
02349 02345
02348 02345
02347 00347
02346 01346
02344 02244
02343 02323
02342 02332
02341 02301
02340 02310
02339 02332
02338 02332
02337 02332
02336 02332
02335 02332
02334 02332
02333 02233
02331 01331
02330 00330
02329 02323
02328 02323
02327 02323
02326 02323
02325 02323
02324 02323
02322 02222
02321 00321
02320 01320
02319 02310
02318 02310
02317 02310
02316 02310
02315 02310
02314 02310
02313 01313
02312 00312
02311 02211
02309 02301
02308 02301
02307 02301
02306 02301
02305 02301
02304 02301
02303 00303
02302 01302
02300 02200
02279 02277
02278 02277
02276 02266
02275 00275
02274 01274
02273 02233
02272 02222
02271 02211
02270 02200
02269 02266
02268 02266
02267 02266
02265 01265
02264 00264
02263 02233
02262 02222
02261 02211
02260 02200
02259 02255
02258 02255
02257 00257
02256 01256
02254 02244
02253 02233
02252 02222
02251 02211
02250 02200
02249 02244
02248 02244
02247 01247
02246 00246
02245 02244
02243 02233
02242 02222
02241 02211
02240 02200
02239 02233
02238 02233
02237 02233
02236 02233
02235 02233
02234 02233
02232 02222
02231 00231
02230 01230
02229 02222
02228 02222
02227 02222
02226 02222
02225 02222
02224 02222
02223 02222
02221 01221
02220 00220
02219 02211
02218 02211
02217 02211
02216 02211
02215 02211
02214 02211
02213 00213
02212 01212
02210 02200
02209 02200
02208 02200
02207 02200
02206 02200
02205 02200
02204 02200
02203 01203
02202 00202
02201 02200
02179 02174
02178 02174
02177 01177
02176 00176
02175 02075
02173 02103
02172 02112
02171 02121
02170 02130
02169 02165
02168 02165
02167 00167
02166 01166
02164 02064
02163 02103
02162 02112
02161 02121
02160 02130
02159 02156
02158 02156
02157 02057
02155 01155
02154 00154
02153 02103
02152 02112
02151 02121
02150 02130
02149 02147
02148 02147
02146 02046
02145 00145
02144 01144
02143 02103
02142 02112
02141 02121
02140 02130
02139 02130
02138 02130
02137 02130
02136 02130
02135 02130
02134 02130
02133 01133
02132 00132
02131 02031
02129 02121
02128 02121
02127 02121
02126 02121
02125 02121
02124 02121
02123 00123
02122 01122
02120 02020
02119 02112
02118 02112
02117 02112
02116 02112
02115 02112
02114 02112
02113 02013
02111 00111
02110 01110
02109 02103
02108 02103
02107 02103
02106 02103
02105 02103
02104 02103
02102 02002
02101 01101
02100 00100
02079 02075
02078 02075
02077 00077
02076 01076
02074 02064
02073 02013
02072 02002
02071 02031
02070 02020
02069 02064
02068 02064
02067 01067
02066 00066
02065 02064
02063 02013
02062 02002
02061 02031
02060 02020
02059 02057
02058 02057
02056 02046
02055 00055
02054 01054
02053 02013
02052 02002
02051 02031
02050 02020
02049 02046
02048 02046
02047 02046
02045 01045
02044 00044
02043 02013
02042 02002
02041 02031
02040 02020
02039 02031
02038 02031
02037 02031
02036 02031
02035 02031
02034 02031
02033 00033
02032 01032
02030 02020
02029 02020
02028 02020
02027 02020
02026 02020
02025 02020
02024 02020
02023 01023
02022 00022
02021 02020
02019 02013
02018 02013
02017 02013
02016 02013
02015 02013
02014 02013
02012 02002
02011 01011
02010 00010
02009 02002
02008 02002
02007 02002
02006 02002
02005 02002
02004 02002
02003 02002
02001 00001
02000 01000
01579 01573
01578 01573
01577 01177
01576 01076
01575 01375
01574 01274
01572 00572
01571 01551
01570 01540
01569 01562
01568 01562
01567 01067
01566 01166
01565 01265
01564 01364
01563 00563
01561 01551
01560 01540
01559 01551
01558 01551
01557 01357
01556 01256
01555 01155
01554 01054
01553 01551
01552 01551
01550 00550
01549 01540
01548 01540
01547 01247
01546 01346
01545 01045
01544 01144
01543 01540
01542 01540
01541 00541
01539 01537
01538 01537
01536 00536
01535 01515
01534 01504
01533 01133
01532 01032
01531 01331
01530 01230
01529 01526
01528 01526
01527 00527
01525 01515
01524 01504
01523 01023
01522 01122
01521 01221
01520 01320
01519 01515
01518 01515
01517 01515
01516 01515
01514 00514
01513 01313
01512 01212
01511 01011
01510 01110
01509 01504
01508 01504
01507 01504
01506 01504
01505 00505
01503 01203
01502 01302
01501 01101
01500 01000
01479 01472
01478 01472
01477 01177
01476 01076
01475 01375
01474 01274
01473 00473
01471 01441
01470 01450
01469 01463
01468 01463
01467 01067
01466 01166
01465 01265
01464 01364
01462 00462
01461 01441
01460 01450
01459 01450
01458 01450
01457 01357
01456 01256
01455 01155
01454 01054
01453 01450
01452 01450
01451 00451
01449 01441
01448 01441
01447 01247
01446 01346
01445 01045
01444 01144
01443 01441
01442 01441
01440 00440
01439 01436
01438 01436
01437 00437
01435 01405
01434 01414
01433 01133
01432 01032
01431 01331
01430 01230
01429 01427
01428 01427
01426 00426
01425 01405
01424 01414
01423 01023
01422 01122
01421 01221
01420 01320
01419 01414
01418 01414
01417 01414
01416 01414
01415 00415
01413 01313
01412 01212
01411 01011
01410 01110
01409 01405
01408 01405
01407 01405
01406 01405
01404 00404
01403 01203
01402 01302
01401 01101
01400 01000
01379 01375
01378 01375
01377 01177
01376 01076
01374 00374
01373 01313
01372 01302
01371 01331
01370 01320
01369 01364
01368 01364
01367 01067
01366 01166
01365 00365
01363 01313
01362 01302
01361 01331
01360 01320
01359 01357
01358 01357
01356 00356
01355 01155
01354 01054
01353 01313
01352 01302
01351 01331
01350 01320
01349 01346
01348 01346
01347 00347
01345 01045
01344 01144
01343 01313
01342 01302
01341 01331
01340 01320
01339 01331
01338 01331
01337 01331
01336 01331
01335 01331
01334 01331
01333 01133
01332 01032
01330 00330
01329 01320
01328 01320
01327 01320
01326 01320
01325 01320
01324 01320
01323 01023
01322 01122
01321 00321
01319 01313
01318 01313
01317 01313
01316 01313
01315 01313
01314 01313
01312 00312
01311 01011
01310 01110
01309 01302
01308 01302
01307 01302
01306 01302
01305 01302
01304 01302
01303 00303
01301 01101
01300 01000
01279 01274
01278 01274
01277 01177
01276 01076
01275 00275
01273 01203
01272 01212
01271 01221
01270 01230
01269 01265
01268 01265
01267 01067
01266 01166
01264 00264
01263 01203
01262 01212
01261 01221
01260 01230
01259 01256
01258 01256
01257 00257
01255 01155
01254 01054
01253 01203
01252 01212
01251 01221
01250 01230
01249 01247
01248 01247
01246 00246
01245 01045
01244 01144
01243 01203
01242 01212
01241 01221
01240 01230
01239 01230
01238 01230
01237 01230
01236 01230
01235 01230
01234 01230
01233 01133
01232 01032
01231 00231
01229 01221
01228 01221
01227 01221
01226 01221
01225 01221
01224 01221
01223 01023
01222 01122
01220 00220
01219 01212
01218 01212
01217 01212
01216 01212
01215 01212
01214 01212
01213 00213
01211 01011
01210 01110
01209 01203
01208 01203
01207 01203
01206 01203
01205 01203
01204 01203
01202 00202
01201 01101
01200 01000
01179 01177
01178 01177
01176 00176
01175 01155
01174 01144
01173 01133
01172 01122
01171 01101
01170 01110
01169 01166
01168 01166
01167 00167
01165 01155
01164 01144
01163 01133
01162 01122
01161 01101
01160 01110
01159 01155
01158 01155
01157 01155
01156 01155
01154 00154
01153 01133
01152 01122
01151 01101
01150 01110
01149 01144
01148 01144
01147 01144
01146 01144
01145 00145
01143 01133
01142 01122
01141 01101
01140 01110
01139 01133
01138 01133
01137 01133
01136 01133
01135 01133
01134 01133
01132 00132
01131 01101
01130 01110
01129 01122
01128 01122
01127 01122
01126 01122
01125 01122
01124 01122
01123 00123
01121 01101
01120 01110
01119 01110
01118 01110
01117 01110
01116 01110
01115 01110
01114 01110
01113 01110
01112 01110
01111 00111
01109 01101
01108 01101
01107 01101
01106 01101
01105 01101
01104 01101
01103 01101
01102 01101
01100 00100
01079 01076
01078 01076
01077 00077
01075 01045
01074 01054
01073 01023
01072 01032
01071 01011
01070 01000
01069 01067
01068 01067
01066 00066
01065 01045
01064 01054
01063 01023
01062 01032
01061 01011
01060 01000
01059 01054
01058 01054
01057 01054
01056 01054
01055 00055
01053 01023
01052 01032
01051 01011
01050 01000
01049 01045
01048 01045
01047 01045
01046 01045
01044 00044
01043 01023
01042 01032
01041 01011
01040 01000
01039 01032
01038 01032
01037 01032
01036 01032
01035 01032
01034 01032
01033 00033
01031 01011
01030 01000
01029 01023
01028 01023
01027 01023
01026 01023
01025 01023
01024 01023
01022 00022
01021 01011
01020 01000
01019 01011
01018 01011
01017 01011
01016 01011
01015 01011
01014 01011
01013 01011
01012 01011
01010 00010
01009 01000
01008 01000
01007 01000
01006 01000
01005 01000
01004 01000
01003 01000
01002 01000
01001 00001
01000 00000
00579 00572
00578 00572
00577 00077
00576 00176
00575 00275
00574 00374
00573 00473
00571 00541
00570 00550
00569 00563
00568 00563
00567 00167
00566 00066
00565 00365
00564 00264
00562 00462
00561 00541
00560 00550
00559 00550
00558 00550
00557 00257
00556 00356
00555 00055
00554 00154
00553 00550
00552 00550
00551 00451
00549 00541
00548 00541
00547 00347
00546 00246
00545 00145
00544 00044
00543 00541
00542 00541
00540 00440
00539 00536
00538 00536
00537 00437
00535 00505
00534 00514
00533 00033
00532 00132
00531 00231
00530 00330
00529 00527
00528 00527
00526 00426
00525 00505
00524 00514
00523 00123
00522 00022
00521 00321
00520 00220
00519 00514
00518 00514
00517 00514
00516 00514
00515 00415
00513 00213
00512 00312
00511 00111
00510 00010
00509 00505
00508 00505
00507 00505
00506 00505
00504 00404
00503 00303
00502 00202
00501 00001
00500 00100
00479 00473
00478 00473
00477 00077
00476 00176
00475 00275
00474 00374
00472 00462
00471 00451
00470 00440
00469 00462
00468 00462
00467 00167
00466 00066
00465 00365
00464 00264
00463 00462
00461 00451
00460 00440
00459 00451
00458 00451
00457 00257
00456 00356
00455 00055
00454 00154
00453 00451
00452 00451
00450 00440
00449 00440
00448 00440
00447 00347
00446 00246
00445 00145
00444 00044
00443 00440
00442 00440
00441 00440
00439 00437
00438 00437
00436 00426
00435 00415
00434 00404
00433 00033
00432 00132
00431 00231
00430 00330
00429 00426
00428 00426
00427 00426
00425 00415
00424 00404
00423 00123
00422 00022
00421 00321
00420 00220
00419 00415
00418 00415
00417 00415
00416 00415
00414 00404
00413 00213
00412 00312
00411 00111
00410 00010
00409 00404
00408 00404
00407 00404
00406 00404
00405 00404
00403 00303
00402 00202
00401 00001
00400 00100
00379 00374
00378 00374
00377 00077
00376 00176
00375 00275
00373 00303
00372 00312
00371 00321
00370 00330
00369 00365
00368 00365
00367 00167
00366 00066
00364 00264
00363 00303
00362 00312
00361 00321
00360 00330
00359 00356
00358 00356
00357 00257
00355 00055
00354 00154
00353 00303
00352 00312
00351 00321
00350 00330
00349 00347
00348 00347
00346 00246
00345 00145
00344 00044
00343 00303
00342 00312
00341 00321
00340 00330
00339 00330
00338 00330
00337 00330
00336 00330
00335 00330
00334 00330
00333 00033
00332 00132
00331 00231
00329 00321
00328 00321
00327 00321
00326 00321
00325 00321
00324 00321
00323 00123
00322 00022
00320 00220
00319 00312
00318 00312
00317 00312
00316 00312
00315 00312
00314 00312
00313 00213
00311 00111
00310 00010
00309 00303
00308 00303
00307 00303
00306 00303
00305 00303
00304 00303
00302 00202
00301 00001
00300 00100
00279 00275
00278 00275
00277 00077
00276 00176
00274 00264
00273 00213
00272 00202
00271 00231
00270 00220
00269 00264
00268 00264
00267 00167
00266 00066
00265 00264
00263 00213
00262 00202
00261 00231
00260 00220
00259 00257
00258 00257
00256 00246
00255 00055
00254 00154
00253 00213
00252 00202
00251 00231
00250 00220
00249 00246
00248 00246
00247 00246
00245 00145
00244 00044
00243 00213
00242 00202
00241 00231
00240 00220
00239 00231
00238 00231
00237 00231
00236 00231
00235 00231
00234 00231
00233 00033
00232 00132
00230 00220
00229 00220
00228 00220
00227 00220
00226 00220
00225 00220
00224 00220
00223 00123
00222 00022
00221 00220
00219 00213
00218 00213
00217 00213
00216 00213
00215 00213
00214 00213
00212 00202
00211 00111
00210 00010
00209 00202
00208 00202
00207 00202
00206 00202
00205 00202
00204 00202
00203 00202
00201 00001
00200 00100
00179 00176
00178 00176
00177 00077
00175 00145
00174 00154
00173 00123
00172 00132
00171 00111
00170 00100
00169 00167
00168 00167
00166 00066
00165 00145
00164 00154
00163 00123
00162 00132
00161 00111
00160 00100
00159 00154
00158 00154
00157 00154
00156 00154
00155 00055
00153 00123
00152 00132
00151 00111
00150 00100
00149 00145
00148 00145
00147 00145
00146 00145
00144 00044
00143 00123
00142 00132
00141 00111
00140 00100
00139 00132
00138 00132
00137 00132
00136 00132
00135 00132
00134 00132
00133 00033
00131 00111
00130 00100
00129 00123
00128 00123
00127 00123
00126 00123
00125 00123
00124 00123
00122 00022
00121 00111
00120 00100
00119 00111
00118 00111
00117 00111
00116 00111
00115 00111
00114 00111
00113 00111
00112 00111
00110 00010
00109 00100
00108 00100
00107 00100
00106 00100
00105 00100
00104 00100
00103 00100
00102 00100
00101 00001
00100 00000
00079 00077
00078 00077
00076 00066
00075 00055
00074 00044
00073 00033
00072 00022
00071 00001
00070 00010
00069 00066
00068 00066
00067 00066
00065 00055
00064 00044
00063 00033
00062 00022
00061 00001
00060 00010
00059 00055
00058 00055
00057 00055
00056 00055
00054 00044
00053 00033
00052 00022
00051 00001
00050 00010
00049 00044
00048 00044
00047 00044
00046 00044
00045 00044
00043 00033
00042 00022
00041 00001
00040 00010
00039 00033
00038 00033
00037 00033
00036 00033
00035 00033
00034 00033
00032 00022
00031 00001
00030 00010
00029 00022
00028 00022
00027 00022
00026 00022
00025 00022
00024 00022
00023 00022
00021 00001
00020 00010
00019 00010
00018 00010
00017 00010
00016 00010
00015 00010
00014 00010
00013 00010
00012 00010
00011 00001
00010 00000
00009 00001
00008 00001
00007 00001
00006 00001
00005 00001
00004 00001
00003 00001
00002 00001
00001 00000
